[gd_scene load_steps=14 format=3 uid="uid://pmm5foskuwxo"]

[ext_resource type="Material" uid="uid://cyf0ro3i5u62r" path="res://glass.tres" id="1_espix"]
[ext_resource type="Script" path="res://test.gd" id="1_paurd"]
[ext_resource type="PackedScene" uid="uid://dykf653pte6kv" path="res://rigid_body_3d_2.tscn" id="3_faiex"]
[ext_resource type="Shader" uid="uid://c5mcvx8p1ln0u" path="res://ground.tres" id="4_j6vfv"]

[sub_resource type="BoxMesh" id="BoxMesh_yigtc"]

[sub_resource type="StandardMaterial3D" id="StandardMaterial3D_4cuuf"]

[sub_resource type="BoxMesh" id="BoxMesh_vuey8"]

[sub_resource type="StandardMaterial3D" id="StandardMaterial3D_ri6s5"]

[sub_resource type="BoxShape3D" id="BoxShape3D_vonv5"]

[sub_resource type="BoxMesh" id="BoxMesh_lfvnv"]

[sub_resource type="ShaderMaterial" id="ShaderMaterial_8lqfy"]
render_priority = 0
shader = ExtResource("4_j6vfv")
shader_parameter/ColorParameter = Color(0.27, 0.12096, 0.0216, 1)

[sub_resource type="BoxShape3D" id="BoxShape3D_xklol"]
size = Vector3(15, 1, 15)

[sub_resource type="SphereMesh" id="SphereMesh_u1q8b"]

[node name="Node" type="Node"]

[node name="MeshInstance3D" type="MeshInstance3D" parent="."]
transform = Transform3D(-0.274675, 0.782599, -0.558652, -0.631659, -0.584909, -0.508811, -0.724956, 0.21312, 0.654996, 1.01176, 1.4167, -0.520726)
material_override = ExtResource("1_espix")
mesh = SubResource("BoxMesh_yigtc")
surface_material_override/0 = SubResource("StandardMaterial3D_4cuuf")
script = ExtResource("1_paurd")

[node name="MeshInstance3D2" type="MeshInstance3D" parent="."]
transform = Transform3D(0.96771, 0.19949, -0.154084, -0.135664, 0.927385, 0.348644, 0.212446, -0.316482, 0.924503, 3.38565, 0, 0)
material_override = ExtResource("1_espix")
mesh = SubResource("BoxMesh_yigtc")
surface_material_override/0 = SubResource("StandardMaterial3D_4cuuf")

[node name="Camera3D" type="Camera3D" parent="."]
transform = Transform3D(1, 0, 0, 0, 0.93291, 0.360111, 0, -0.360111, 0.93291, 0.421176, 1.15829, 7.61162)
fov = 83.3715

[node name="RigidBody3D" type="RigidBody3D" parent="."]
transform = Transform3D(0.265893, 0.964003, 9.8076e-09, -0.963535, 0.265764, -0.0311491, -0.0300279, 0.00828235, 0.999515, -0.229147, 6.68391, 2.40334)

[node name="MeshInstance3D" type="MeshInstance3D" parent="RigidBody3D"]
mesh = SubResource("BoxMesh_vuey8")
surface_material_override/0 = SubResource("StandardMaterial3D_ri6s5")

[node name="CollisionShape3D" type="CollisionShape3D" parent="RigidBody3D"]
shape = SubResource("BoxShape3D_vonv5")

[node name="RigidBody3D2" parent="." instance=ExtResource("3_faiex")]

[node name="Floor" type="StaticBody3D" parent="."]
transform = Transform3D(1, 0, 0, 0, 1, 0, 0, 0, 1, 0, -1.03411, 0)

[node name="MeshInstance3D" type="MeshInstance3D" parent="Floor"]
transform = Transform3D(15, 0, 0, 0, 0.998153, 0.911286, 0, -0.0607524, 14.9723, 0, 0, 0)
mesh = SubResource("BoxMesh_lfvnv")
surface_material_override/0 = SubResource("ShaderMaterial_8lqfy")

[node name="CollisionShape3D" type="CollisionShape3D" parent="Floor"]
shape = SubResource("BoxShape3D_xklol")

[node name="DirectionalLight3D" type="DirectionalLight3D" parent="."]
transform = Transform3D(0.958476, 0.248575, 0.139765, -0.242662, 0.453482, 0.857595, 0.149796, -0.8559, 0.494971, 3.8194, 1.31897, 6.72725)

[node name="MeshInstance3D3" type="MeshInstance3D" parent="."]
transform = Transform3D(1, 0, 0, 0, 1, 0, 0, 0, 1, 0.173554, 0.844724, 5.00122)
mesh = SubResource("SphereMesh_u1q8b")
surface_material_override/0 = ExtResource("1_espix")

[node name="MeshInstance3D4" type="MeshInstance3D" parent="."]
transform = Transform3D(1, 0, 0, 0, 1, 0, 0, 0, 1, 0.173554, 0.844724, 2.9225)
mesh = SubResource("SphereMesh_u1q8b")
surface_material_override/0 = ExtResource("1_espix")

[node name="RigidBody3D3" parent="." instance=ExtResource("3_faiex")]
transform = Transform3D(0.265893, 0.964003, 9.8076e-09, -0.963535, 0.265764, -0.0311491, -0.0300279, 0.00828235, 0.999515, -4.80936, 2.66826, -1.12821)
